67
58
193
14
319
75
92
342
185
278
21
156
389
297
64
224
93
12
327
289
101
245
38
171
5
354
204
147
99
281
266
169
196
381
46
372
161
81
256
214
127
352
37
332
198
69
287
148
50
285
309
146
84
390
189
318
335
9
173
156
248
61
388
193
324
180
253
130
225
98
8
279
155
42
397
26
176
341
71
164
3
299
240
223
296
28
31
292
224
346
65
367
268
287
129
170
299
27
197
33
388
231
25
93
70
156
319
342
150
295
381
35
356
148
97
100
104
90
165
183
138
369
179
147
15
294
107
44
102
143
362
82
137
174
2
367
238
63
374
285
66
45
283
170
151
259
206
66
76
361
168
361
218
271
380
247
129
112
210
266
338
88
231
96
80
370
146
364
107
248
191
96
395
173
204
190
116
305
363
6
293
193
134
37
92
158
39
148
284
12
246
82
79
255
360
262
68
31
11
45
27
238
344
378
371
268